1821455321457159492780966069375459481695
97
1821455321457159492780966069375459481695
97
2029813405590662553215216024745515674245
156485114121107666038292192766629765406
2325432893142509747286195948518197374735
156485114121107666038292192766629765406
966150349832660108068873206170662498347
97
1445240766628377358212911542480989691989
156485114121107666038292192766629765406
101
1445240766628377358212911542480989691989
966150349832660108068873206170662498347
996469333026127094673467108582096935455
169399944864685578391257506976208696717
101
156485114121107666038292192766629765406
315786361505997715977450417002066651012
1172140663247061793526330618676166148534
723369229644811529986886184777273392000
102
102
156485114121107666038292192766629765406
1172140663247061793526330618676166148534
1821455321457159492780966069375459481695
97
1172140663247061793526330618676166148534
156485114121107666038292192766629765406
121
996469333026127094673467108582096935455
723369229644811529986886184777273392000
156485114121107666038292192766629765406
966150349832660108068873206170662498347
97
1445240766628377358212911542480989691989
1445240766628377358212911542480989691989
996469333026127094673467108582096935455
1172140663247061793526330618676166148534
156485114121107666038292192766629765406
169399944864685578391257506976208696717
101
966150349832660108068873206170662498347
996469333026127094673467108582096935455
169399944864685578391257506976208696717
101
