493039
83843309949754942058904895223471327579955734673282622117844
1030301
1129329189168013200634719662078088203881950304569934627027
54126210963414958082531402907730252578349862456906022362823
29375848651351231300403183067503137038566693764713848215356
1481544
1030301
1129329189168013200634719662078088203881950304569934627027
84494053353702224325103651467667456870026118425245106000225
29375848651351231300403183067503137038566693764713848215356
1520875
1520875
1157625
103340410314986761153342933378256855202239047212718094375108
65856721209245551474568640575295280335281898558505024037479
1030301
1129329189168013200634719662078088203881950304569934627027
1442897
29987301934792133484554706430820091580758953864210445942050
1157625
72747690618248218190237750538444087780358414189384642466282
1129329189168013200634719662078088203881950304569934627027
1442897
29987301934792133484554706430820091580758953864210445942050
1030301
1520875
5560705247722797789054450513011314821076497508751476774441
1157625
29375848651351231300403183067503137038566693764713848215356
83843309949754942058904895223471327579955734673282622117844
195112
1129329189168013200634719662078088203881950304569934627027
16158468054231821062180437930197176552281857605387176396859
1030301
5560705247722797789054450513011314821076497508751476774441
1129329189168013200634719662078088203881950304569934627027
25675045299487583211196231485548940645964424626278467300004
48374617434268767291489825232597713159425505739995188822093
102531088650792704520195223118402567731515452353941669972556
1129329189168013200634719662078088203881950304569934627027
103340410314986761153342933378256855202239047212718094375108
1030301
1129329189168013200634719662078088203881950304569934627027
5560705247722797789054450513011314821076497508751476774441
103123243426116315407875356460444240669521023535407552039847
29375848651351231300403183067503137038566693764713848215356
1129329189168013200634719662078088203881950304569934627027
1520875
1030301
5560705247722797789054450513011314821076497508751476774441
1520875
1129329189168013200634719662078088203881950304569934627027
103123243426116315407875356460444240669521023535407552039847
1157625
5560705247722797789054450513011314821076497508751476774441
83055461875437183697163504129543245106296246852875482907167
1129329189168013200634719662078088203881950304569934627027
84494053353702224325103651467667456870026118425245106000225
29375848651351231300403183067503137038566693764713848215356
1520875
1520875
1157625
103340410314986761153342933378256855202239047212718094375108
65856721209245551474568640575295280335281898558505024037479
1030301
1129329189168013200634719662078088203881950304569934627027
1030301
65856721209245551474568640575295280335281898558505024037479
1030301
54126210963414958082531402907730252578349862456906022362823
1030301
83843309949754942058904895223471327579955734673282622117844
5560705247722797789054450513011314821076497508751476774441
1520875
1129329189168013200634719662078088203881950304569934627027
1157625
83843309949754942058904895223471327579955734673282622117844
1129329189168013200634719662078088203881950304569934627027
970299
29375848651351231300403183067503137038566693764713848215356
54126210963414958082531402907730252578349862456906022362823
54126210963414958082531402907730252578349862456906022362823
29375848651351231300403183067503137038566693764713848215356
83843309949754942058904895223471327579955734673282622117844
97336
1129329189168013200634719662078088203881950304569934627027
82041077043183311201934930436889740391141302711391545581148
81228944530122438598656567962011190876506965031272273906097
1129329189168013200634719662078088203881950304569934627027
25675045299487583211196231485548940645964424626278467300004
1129329189168013200634719662078088203881950304569934627027
83055461875437183697163504129543245106296246852875482907167
912673
1520875
1129329189168013200634719662078088203881950304569934627027
117649
110592
1129329189168013200634719662078088203881950304569934627027
1030301
65856721209245551474568640575295280335281898558505024037479
1030301
54126210963414958082531402907730252578349862456906022362823
1030301
83843309949754942058904895223471327579955734673282622117844
5560705247722797789054450513011314821076497508751476774441
1520875
1129329189168013200634719662078088203881950304569934627027
912673
83843309949754942058904895223471327579955734673282622117844
77644462174678186449414013051813059008722953422288183568105
1129329189168013200634719662078088203881950304569934627027
102531088650792704520195223118402567731515452353941669972556
1129329189168013200634719662078088203881950304569934627027
83055461875437183697163504129543245106296246852875482907167
912673
1520875
1129329189168013200634719662078088203881950304569934627027
125000
110592
1129329189168013200634719662078088203881950304569934627027
5560705247722797789054450513011314821076497508751476774441
83055461875437183697163504129543245106296246852875482907167
1030301
83843309949754942058904895223471327579955734673282622117844
1129329189168013200634719662078088203881950304569934627027
5560705247722797789054450513011314821076497508751476774441
83055461875437183697163504129543245106296246852875482907167
1030301
1157625
1481544
1129329189168013200634719662078088203881950304569934627027
29987301934792133484554706430820091580758953864210445942050
83843309949754942058904895223471327579955734673282622117844
1157625
29375848651351231300403183067503137038566693764713848215356
83843309949754942058904895223471327579955734673282622117844
1129329189168013200634719662078088203881950304569934627027
83055461875437183697163504129543245106296246852875482907167
912673
1520875
1129329189168013200634719662078088203881950304569934627027
912673
5560705247722797789054450513011314821076497508751476774441
1129329189168013200634719662078088203881950304569934627027
65856721209245551474568640575295280335281898558505024037479
1030301
912673
1520875
5560705247722797789054450513011314821076497508751476774441
1129329189168013200634719662078088203881950304569934627027
132651
110592
1129329189168013200634719662078088203881950304569934627027
1030301
65856721209245551474568640575295280335281898558505024037479
1030301
54126210963414958082531402907730252578349862456906022362823
1030301
83843309949754942058904895223471327579955734673282622117844
5560705247722797789054450513011314821076497508751476774441
1520875
97336
1129329189168013200634719662078088203881950304569934627027
20822176829313099117948170079778062619923126228720671669712
1481544
29987301934792133484554706430820091580758953864210445942050
1030301
1129329189168013200634719662078088203881950304569934627027
29375848651351231300403183067503137038566693764713848215356
1481544
1129329189168013200634719662078088203881950304569934627027
832150828636136128637425232579727395173493056362608846499
912673
65856721209245551474568640575295280335281898558505024037479
1520875
1030301
87844366139359939792810692962508480819082162114699439622702
