892435527819586995283891629246350602289
1652056343692060823295397517513419149636
210708827164534699127207355876034738623
1306020850792411197376249781171262988842
1137165001930031729981942406188880128297
417499194148292214833526128431175535458
1101370895794707215530265011675612766424
262446687684686305012050208178891277103
1521144079937856545951669945279369297730
1652056343692060823295397517513419149636
1057502359268639982588113616616865927828
1621745859946678717302368837816049030214
1708340485012140153326022472944813734214
1057502359268639982588113616616865927828
1652056343692060823295397517513419149636
1521144079937856545951669945279369297730
1708340485012140153326022472944813734214
412748166334518479662988655581510448027
1652056343692060823295397517513419149636
1708340485012140153326022472944813734214
210708827164534699127207355876034738623
210708827164534699127207355876034738623
262446687684686305012050208178891277103
1708340485012140153326022472944813734214
1306020850792411197376249781171262988842
1652056343692060823295397517513419149636
230903655847212259715343890448011176311
541333348074246084510398146994307240195
1652056343692060823295397517513419149636
1057502359268639982588113616616865927828
1621745859946678717302368837816049030214
262446687684686305012050208178891277103
1652056343692060823295397517513419149636
1523402342052773216319809780484011729854
230903655847212259715343890448011176311
541333348074246084510398146994307240195
1708340485012140153326022472944813734214
1101370895794707215530265011675612766424
1652056343692060823295397517513419149636
1523402342052773216319809780484011729854
1137165001930031729981942406188880128297
1306020850792411197376249781171262988842
1652056343692060823295397517513419149636
1137165001930031729981942406188880128297
541333348074246084510398146994307240195
262446687684686305012050208178891277103
1652056343692060823295397517513419149636
210708827164534699127207355876034738623
1137165001930031729981942406188880128297
230903655847212259715343890448011176311
541333348074246084510398146994307240195
1057502359268639982588113616616865927828
1518148982195643639004087071324060322424
1652056343692060823295397517513419149636
1101370895794707215530265011675612766424
262446687684686305012050208178891277103
1057502359268639982588113616616865927828
1652056343692060823295397517513419149636
892435527819586995283891629246350602289
1652056343692060823295397517513419149636
1708340485012140153326022472944813734214
541333348074246084510398146994307240195
1230151867486798457549915735670814810792
1652056343692060823295397517513419149636
437064152479933431421366391162478974278
1652056343692060823295397517513419149636
417499194148292214833526128431175535458
262446687684686305012050208178891277103
1652056343692060823295397517513419149636
1057502359268639982588113616616865927828
1422574110532874672047985969553029019728
1137165001930031729981942406188880128297
1652056343692060823295397517513419149636
967466533153466794353236496534843130589
262446687684686305012050208178891277103
1057502359268639982588113616616865927828
967466533153466794353236496534843130589
1652056343692060823295397517513419149636
1057502359268639982588113616616865927828
1621745859946678717302368837816049030214
1708340485012140153326022472944813734214
1057502359268639982588113616616865927828
1652056343692060823295397517513419149636
1708340485012140153326022472944813734214
1306020850792411197376249781171262988842
262446687684686305012050208178891277103
1652056343692060823295397517513419149636
1230151867486798457549915735670814810792
230903655847212259715343890448011176311
967466533153466794353236496534843130589
989901808783009624704803682906517060911
1137165001930031729981942406188880128297
230903655847212259715343890448011176311
541333348074246084510398146994307240195
1057502359268639982588113616616865927828
338911657777363191446868037833478025239
1652056343692060823295397517513419149636
625089346018443810199145915431241634014
262446687684686305012050208178891277103
1652056343692060823295397517513419149636
1621745859946678717302368837816049030214
1708340485012140153326022472944813734214
1679505435016871996674296710110183410696
262446687684686305012050208178891277103
1652056343692060823295397517513419149636
1613032076785201301081501333358071915176
892435527819586995283891629246350602289
1652056343692060823295397517513419149636
561109367709633542939290598300066749321
1652056343692060823295397517513419149636
437064152479933431421366391162478974278
1652056343692060823295397517513419149636
1613032076785201301081501333358071915176
1652056343692060823295397517513419149636
661584515575733504142935353968356689559
1652056343692060823295397517513419149636
1613032076785201301081501333358071915176
892435527819586995283891629246350602289
1613032076785201301081501333358071915176
1652056343692060823295397517513419149636
622202587110352458626144492143399997910
1652056343692060823295397517513419149636
1613032076785201301081501333358071915176
437064152479933431421366391162478974278
1613032076785201301081501333358071915176
784851634625767794857144131145101208786
1652056343692060823295397517513419149636
1057502359268639982588113616616865927828
1306020850792411197376249781171262988842
1016529531667116953359705618172329418647
262446687684686305012050208178891277103
1652056343692060823295397517513419149636
1137165001930031729981942406188880128297
1306020850792411197376249781171262988842
1652056343692060823295397517513419149636
1523402342052773216319809780484011729854
1708340485012140153326022472944813734214
1101370895794707215530265011675612766424
967466533153466794353236496534843130589
262446687684686305012050208178891277103
1235809765071066804743815602822269466893
